[4.0, 5.0, 3.0]
[10.0, 11.0, 6.0]
[16.0, 17.0, 9.0]

[1.0, 2.0, 3.0]
[4.0, 5.0, 6.0]
[1.0, 1.0, 1.0]

[12.0, 15.0, 18.0]
[30.0, 39.0, 48.0]
[6.0, 8.0, 10.0]

[1.0, 2.0, 3.0]
[4.0, 5.0, 6.0]
[7.0, 8.0, 9.0]

[4.0, 5.0, 3.0]
[10.0, 11.0, 6.0]
[16.0, 17.0, 9.0]

[4.0, 5.0, 3.0]
[10.0, 11.0, 6.0]
[16.0, 17.0, 9.0]

[1.0, 2.0, 3.0]
[4.0, 5.0, 6.0]
[1.0, 1.0, 1.0]

[12.0, 15.0, 18.0]
[30.0, 39.0, 48.0]
[6.0, 8.0, 10.0]

[1.0, 2.0, 3.0]
[4.0, 5.0, 6.0]
[7.0, 8.0, 9.0]

[4.0, 5.0, 3.0]
[10.0, 11.0, 6.0]
[16.0, 17.0, 9.0]

[1.0, 2.0, 3.0]
[4.0, 5.0, 6.0]
[1.0, 1.0, 1.0]

[12.0, 15.0, 18.0]
[30.0, 39.0, 48.0]
[6.0, 8.0, 10.0]

[1.0, 2.0, 3.0]
[4.0, 5.0, 6.0]
[7.0, 8.0, 9.0]

[4.0, 5.0, 3.0]
[10.0, 11.0, 6.0]
[16.0, 17.0, 9.0]

[1.0, 2.0, 3.0]
[4.0, 5.0, 6.0]
[1.0, 1.0, 1.0]

[12.0, 15.0, 18.0]
[30.0, 39.0, 48.0]
[6.0, 8.0, 10.0]

[1.0, 2.0, 3.0]
[4.0, 5.0, 6.0]
[7.0, 8.0, 9.0]

[4.0, 5.0, 3.0]
[10.0, 11.0, 6.0]
[16.0, 17.0, 9.0]

[1.0, 2.0, 3.0]
[4.0, 5.0, 6.0]
[1.0, 1.0, 1.0]

[12.0, 15.0, 18.0]
[30.0, 39.0, 48.0]
[6.0, 8.0, 10.0]

[1.0, 2.0, 3.0]
[4.0, 5.0, 6.0]
[7.0, 8.0, 9.0]

[4.0, 5.0, 3.0]
[10.0, 11.0, 6.0]
[16.0, 17.0, 9.0]

[1.0, 2.0, 3.0]
[4.0, 5.0, 6.0]
[1.0, 1.0, 1.0]

[12.0, 15.0, 18.0]
[30.0, 39.0, 48.0]
[6.0, 8.0, 10.0]

[1.0, 2.0, 3.0]
[4.0, 5.0, 6.0]
[7.0, 8.0, 9.0]

